(kicad_pcb (version 20171130) (host pcbnew "(5.1.4)-1")

  (general
    (thickness 1.6)
    (drawings 10)
    (tracks 8)
    (zones 0)
    (modules 8)
    (nets 5)
  )

  (page A4)
  (layers
    (0 F.Cu signal)
    (31 B.Cu signal)
    (32 B.Adhes user)
    (33 F.Adhes user)
    (34 B.Paste user)
    (35 F.Paste user)
    (36 B.SilkS user)
    (37 F.SilkS user)
    (38 B.Mask user)
    (39 F.Mask user)
    (40 Dwgs.User user)
    (41 Cmts.User user)
    (42 Eco1.User user)
    (43 Eco2.User user)
    (44 Edge.Cuts user)
    (45 Margin user)
    (46 B.CrtYd user)
    (47 F.CrtYd user)
    (48 B.Fab user hide)
    (49 F.Fab user hide)
  )

  (setup
    (last_trace_width 0.381)
    (trace_clearance 0.381)
    (zone_clearance 0.508)
    (zone_45_only no)
    (trace_min 0.2)
    (via_size 0.8)
    (via_drill 0.4)
    (via_min_size 0.4)
    (via_min_drill 0.3)
    (uvia_size 0.3)
    (uvia_drill 0.1)
    (uvias_allowed no)
    (uvia_min_size 0.2)
    (uvia_min_drill 0.1)
    (edge_width 0.05)
    (segment_width 0.2)
    (pcb_text_width 0.3)
    (pcb_text_size 1.5 1.5)
    (mod_edge_width 0.12)
    (mod_text_size 1 1)
    (mod_text_width 0.15)
    (pad_size 1.524 1.524)
    (pad_drill 0.762)
    (pad_to_mask_clearance 0.051)
    (solder_mask_min_width 0.25)
    (aux_axis_origin 0 0)
    (visible_elements FFFFFF7F)
    (pcbplotparams
      (layerselection 0x010fc_ffffffff)
      (usegerberextensions false)
      (usegerberattributes false)
      (usegerberadvancedattributes false)
      (creategerberjobfile false)
      (excludeedgelayer true)
      (linewidth 0.100000)
      (plotframeref false)
      (viasonmask false)
      (mode 1)
      (useauxorigin false)
      (hpglpennumber 1)
      (hpglpenspeed 20)
      (hpglpendiameter 15.000000)
      (psnegative false)
      (psa4output false)
      (plotreference true)
      (plotvalue true)
      (plotinvisibletext false)
      (padsonsilk false)
      (subtractmaskfromsilk false)
      (outputformat 1)
      (mirror false)
      (drillshape 1)
      (scaleselection 1)
      (outputdirectory ""))
  )

  (net 0 "")
  (net 1 "Net-(J1-Pad1)")
  (net 2 "Net-(J1-Pad2)")
  (net 3 "Net-(J2-Pad2)")
  (net 4 "Net-(J2-Pad1)")

  (net_class Default "This is the default net class."
    (clearance 0.381)
    (trace_width 0.381)
    (via_dia 0.8)
    (via_drill 0.4)
    (uvia_dia 0.3)
    (uvia_drill 0.1)
    (add_net "Net-(J1-Pad1)")
    (add_net "Net-(J1-Pad2)")
    (add_net "Net-(J2-Pad1)")
    (add_net "Net-(J2-Pad2)")
  )

  (module TerminalBlock_Phoenix:TerminalBlock_Phoenix_MKDS-1,5-2-5.08_1x02_P5.08mm_Horizontal (layer F.Cu) (tedit 5B294EBC) (tstamp 5D6389D3)
    (at 165.1 100.33 90)
    (descr "Terminal Block Phoenix MKDS-1,5-2-5.08, 2 pins, pitch 5.08mm, size 10.2x9.8mm^2, drill diamater 1.3mm, pad diameter 2.6mm, see http://www.farnell.com/datasheets/100425.pdf, script-generated using https://github.com/pointhi/kicad-footprint-generator/scripts/TerminalBlock_Phoenix")
    (tags "THT Terminal Block Phoenix MKDS-1,5-2-5.08 pitch 5.08mm size 10.2x9.8mm^2 drill 1.3mm pad 2.6mm")
    (path /5D6594C1)
    (fp_text reference J1 (at 8.89 -5.08 90) (layer F.SilkS)
      (effects (font (size 1 1) (thickness 0.15)))
    )
    (fp_text value Screw_Terminal_01x02 (at 2.54 5.66 90) (layer F.Fab)
      (effects (font (size 1 1) (thickness 0.15)))
    )
    (fp_arc (start 0 0) (end 0 1.68) (angle -24) (layer F.SilkS) (width 0.12))
    (fp_arc (start 0 0) (end 1.535 0.684) (angle -48) (layer F.SilkS) (width 0.12))
    (fp_arc (start 0 0) (end 0.684 -1.535) (angle -48) (layer F.SilkS) (width 0.12))
    (fp_arc (start 0 0) (end -1.535 -0.684) (angle -48) (layer F.SilkS) (width 0.12))
    (fp_arc (start 0 0) (end -0.684 1.535) (angle -25) (layer F.SilkS) (width 0.12))
    (fp_circle (center 0 0) (end 1.5 0) (layer F.Fab) (width 0.1))
    (fp_circle (center 5.08 0) (end 6.58 0) (layer F.Fab) (width 0.1))
    (fp_circle (center 5.08 0) (end 6.76 0) (layer F.SilkS) (width 0.12))
    (fp_line (start -2.54 -5.2) (end 7.62 -5.2) (layer F.Fab) (width 0.1))
    (fp_line (start 7.62 -5.2) (end 7.62 4.6) (layer F.Fab) (width 0.1))
    (fp_line (start 7.62 4.6) (end -2.04 4.6) (layer F.Fab) (width 0.1))
    (fp_line (start -2.04 4.6) (end -2.54 4.1) (layer F.Fab) (width 0.1))
    (fp_line (start -2.54 4.1) (end -2.54 -5.2) (layer F.Fab) (width 0.1))
    (fp_line (start -2.54 4.1) (end 7.62 4.1) (layer F.Fab) (width 0.1))
    (fp_line (start -2.6 4.1) (end 7.68 4.1) (layer F.SilkS) (width 0.12))
    (fp_line (start -2.54 2.6) (end 7.62 2.6) (layer F.Fab) (width 0.1))
    (fp_line (start -2.6 2.6) (end 7.68 2.6) (layer F.SilkS) (width 0.12))
    (fp_line (start -2.54 -2.3) (end 7.62 -2.3) (layer F.Fab) (width 0.1))
    (fp_line (start -2.6 -2.301) (end 7.68 -2.301) (layer F.SilkS) (width 0.12))
    (fp_line (start -2.6 -5.261) (end 7.68 -5.261) (layer F.SilkS) (width 0.12))
    (fp_line (start -2.6 4.66) (end 7.68 4.66) (layer F.SilkS) (width 0.12))
    (fp_line (start -2.6 -5.261) (end -2.6 4.66) (layer F.SilkS) (width 0.12))
    (fp_line (start 7.68 -5.261) (end 7.68 4.66) (layer F.SilkS) (width 0.12))
    (fp_line (start 1.138 -0.955) (end -0.955 1.138) (layer F.Fab) (width 0.1))
    (fp_line (start 0.955 -1.138) (end -1.138 0.955) (layer F.Fab) (width 0.1))
    (fp_line (start 6.218 -0.955) (end 4.126 1.138) (layer F.Fab) (width 0.1))
    (fp_line (start 6.035 -1.138) (end 3.943 0.955) (layer F.Fab) (width 0.1))
    (fp_line (start 6.355 -1.069) (end 6.308 -1.023) (layer F.SilkS) (width 0.12))
    (fp_line (start 4.046 1.239) (end 4.011 1.274) (layer F.SilkS) (width 0.12))
    (fp_line (start 6.15 -1.275) (end 6.115 -1.239) (layer F.SilkS) (width 0.12))
    (fp_line (start 3.853 1.023) (end 3.806 1.069) (layer F.SilkS) (width 0.12))
    (fp_line (start -2.84 4.16) (end -2.84 4.9) (layer F.SilkS) (width 0.12))
    (fp_line (start -2.84 4.9) (end -2.34 4.9) (layer F.SilkS) (width 0.12))
    (fp_line (start -3.04 -5.71) (end -3.04 5.1) (layer F.CrtYd) (width 0.05))
    (fp_line (start -3.04 5.1) (end 8.13 5.1) (layer F.CrtYd) (width 0.05))
    (fp_line (start 8.13 5.1) (end 8.13 -5.71) (layer F.CrtYd) (width 0.05))
    (fp_line (start 8.13 -5.71) (end -3.04 -5.71) (layer F.CrtYd) (width 0.05))
    (fp_text user %R (at 2.54 3.2 90) (layer F.Fab)
      (effects (font (size 1 1) (thickness 0.15)))
    )
    (pad 1 thru_hole rect (at 0 0 90) (size 2.6 2.6) (drill 1.3) (layers *.Cu *.Mask)
      (net 1 "Net-(J1-Pad1)"))
    (pad 2 thru_hole circle (at 5.08 0 90) (size 2.6 2.6) (drill 1.3) (layers *.Cu *.Mask)
      (net 2 "Net-(J1-Pad2)"))
    (model ${KISYS3DMOD}/TerminalBlock_Phoenix.3dshapes/TerminalBlock_Phoenix_MKDS-1,5-2-5.08_1x02_P5.08mm_Horizontal.wrl
      (at (xyz 0 0 0))
      (scale (xyz 1 1 1))
      (rotate (xyz 0 0 0))
    )
  )

  (module TerminalBlock_Phoenix:TerminalBlock_Phoenix_MKDS-1,5-2-5.08_1x02_P5.08mm_Horizontal (layer F.Cu) (tedit 5B294EBC) (tstamp 5D6389FF)
    (at 165.1 77.47 90)
    (descr "Terminal Block Phoenix MKDS-1,5-2-5.08, 2 pins, pitch 5.08mm, size 10.2x9.8mm^2, drill diamater 1.3mm, pad diameter 2.6mm, see http://www.farnell.com/datasheets/100425.pdf, script-generated using https://github.com/pointhi/kicad-footprint-generator/scripts/TerminalBlock_Phoenix")
    (tags "THT Terminal Block Phoenix MKDS-1,5-2-5.08 pitch 5.08mm size 10.2x9.8mm^2 drill 1.3mm pad 2.6mm")
    (path /5D65A423)
    (fp_text reference J2 (at -3.81 -5.08 90) (layer F.SilkS)
      (effects (font (size 1 1) (thickness 0.15)))
    )
    (fp_text value Screw_Terminal_01x02 (at 2.54 5.66 90) (layer F.Fab)
      (effects (font (size 1 1) (thickness 0.15)))
    )
    (fp_text user %R (at 2.54 3.2 90) (layer F.Fab)
      (effects (font (size 1 1) (thickness 0.15)))
    )
    (fp_line (start 8.13 -5.71) (end -3.04 -5.71) (layer F.CrtYd) (width 0.05))
    (fp_line (start 8.13 5.1) (end 8.13 -5.71) (layer F.CrtYd) (width 0.05))
    (fp_line (start -3.04 5.1) (end 8.13 5.1) (layer F.CrtYd) (width 0.05))
    (fp_line (start -3.04 -5.71) (end -3.04 5.1) (layer F.CrtYd) (width 0.05))
    (fp_line (start -2.84 4.9) (end -2.34 4.9) (layer F.SilkS) (width 0.12))
    (fp_line (start -2.84 4.16) (end -2.84 4.9) (layer F.SilkS) (width 0.12))
    (fp_line (start 3.853 1.023) (end 3.806 1.069) (layer F.SilkS) (width 0.12))
    (fp_line (start 6.15 -1.275) (end 6.115 -1.239) (layer F.SilkS) (width 0.12))
    (fp_line (start 4.046 1.239) (end 4.011 1.274) (layer F.SilkS) (width 0.12))
    (fp_line (start 6.355 -1.069) (end 6.308 -1.023) (layer F.SilkS) (width 0.12))
    (fp_line (start 6.035 -1.138) (end 3.943 0.955) (layer F.Fab) (width 0.1))
    (fp_line (start 6.218 -0.955) (end 4.126 1.138) (layer F.Fab) (width 0.1))
    (fp_line (start 0.955 -1.138) (end -1.138 0.955) (layer F.Fab) (width 0.1))
    (fp_line (start 1.138 -0.955) (end -0.955 1.138) (layer F.Fab) (width 0.1))
    (fp_line (start 7.68 -5.261) (end 7.68 4.66) (layer F.SilkS) (width 0.12))
    (fp_line (start -2.6 -5.261) (end -2.6 4.66) (layer F.SilkS) (width 0.12))
    (fp_line (start -2.6 4.66) (end 7.68 4.66) (layer F.SilkS) (width 0.12))
    (fp_line (start -2.6 -5.261) (end 7.68 -5.261) (layer F.SilkS) (width 0.12))
    (fp_line (start -2.6 -2.301) (end 7.68 -2.301) (layer F.SilkS) (width 0.12))
    (fp_line (start -2.54 -2.3) (end 7.62 -2.3) (layer F.Fab) (width 0.1))
    (fp_line (start -2.6 2.6) (end 7.68 2.6) (layer F.SilkS) (width 0.12))
    (fp_line (start -2.54 2.6) (end 7.62 2.6) (layer F.Fab) (width 0.1))
    (fp_line (start -2.6 4.1) (end 7.68 4.1) (layer F.SilkS) (width 0.12))
    (fp_line (start -2.54 4.1) (end 7.62 4.1) (layer F.Fab) (width 0.1))
    (fp_line (start -2.54 4.1) (end -2.54 -5.2) (layer F.Fab) (width 0.1))
    (fp_line (start -2.04 4.6) (end -2.54 4.1) (layer F.Fab) (width 0.1))
    (fp_line (start 7.62 4.6) (end -2.04 4.6) (layer F.Fab) (width 0.1))
    (fp_line (start 7.62 -5.2) (end 7.62 4.6) (layer F.Fab) (width 0.1))
    (fp_line (start -2.54 -5.2) (end 7.62 -5.2) (layer F.Fab) (width 0.1))
    (fp_circle (center 5.08 0) (end 6.76 0) (layer F.SilkS) (width 0.12))
    (fp_circle (center 5.08 0) (end 6.58 0) (layer F.Fab) (width 0.1))
    (fp_circle (center 0 0) (end 1.5 0) (layer F.Fab) (width 0.1))
    (fp_arc (start 0 0) (end -0.684 1.535) (angle -25) (layer F.SilkS) (width 0.12))
    (fp_arc (start 0 0) (end -1.535 -0.684) (angle -48) (layer F.SilkS) (width 0.12))
    (fp_arc (start 0 0) (end 0.684 -1.535) (angle -48) (layer F.SilkS) (width 0.12))
    (fp_arc (start 0 0) (end 1.535 0.684) (angle -48) (layer F.SilkS) (width 0.12))
    (fp_arc (start 0 0) (end 0 1.68) (angle -24) (layer F.SilkS) (width 0.12))
    (pad 2 thru_hole circle (at 5.08 0 90) (size 2.6 2.6) (drill 1.3) (layers *.Cu *.Mask)
      (net 3 "Net-(J2-Pad2)"))
    (pad 1 thru_hole rect (at 0 0 90) (size 2.6 2.6) (drill 1.3) (layers *.Cu *.Mask)
      (net 4 "Net-(J2-Pad1)"))
    (model ${KISYS3DMOD}/TerminalBlock_Phoenix.3dshapes/TerminalBlock_Phoenix_MKDS-1,5-2-5.08_1x02_P5.08mm_Horizontal.wrl
      (at (xyz 0 0 0))
      (scale (xyz 1 1 1))
      (rotate (xyz 0 0 0))
    )
  )

  (module Library:CST206-1A (layer F.Cu) (tedit 5D633578) (tstamp 5D638A11)
    (at 138.370001 97.79)
    (path /5D6569EA)
    (fp_text reference T1 (at -15.180001 0 90) (layer F.SilkS)
      (effects (font (size 1 1) (thickness 0.15)))
    )
    (fp_text value CST206-1A (at 8.949999 -7) (layer F.Fab)
      (effects (font (size 1 1) (thickness 0.15)))
    )
    (fp_line (start -13.85 -6) (end 13.85 -6) (layer F.SilkS) (width 0.12))
    (fp_line (start 13.85 -6) (end 13.85 6) (layer F.SilkS) (width 0.12))
    (fp_line (start 13.85 6) (end -13.85 6) (layer F.SilkS) (width 0.12))
    (fp_line (start -13.85 6) (end -13.85 -6) (layer F.SilkS) (width 0.12))
    (fp_line (start 0 -6) (end 0 6) (layer F.SilkS) (width 0.12))
    (fp_line (start -7.6 -1.25) (end 7.6 -1.25) (layer F.CrtYd) (width 0.05))
    (fp_line (start 7.6 -1.25) (end 7.6 1.25) (layer F.CrtYd) (width 0.05))
    (fp_line (start 7.6 1.25) (end -7.6 1.25) (layer F.CrtYd) (width 0.05))
    (fp_line (start -7.6 1.25) (end -7.6 -1.25) (layer F.CrtYd) (width 0.05))
    (fp_line (start 0 6.35) (end -1.27 7.62) (layer F.SilkS) (width 0.12))
    (fp_line (start 0 8.89) (end 0 6.35) (layer F.SilkS) (width 0.12))
    (fp_line (start 0 6.35) (end 1.27 7.62) (layer F.SilkS) (width 0.12))
    (pad 1 thru_hole circle (at -6.35 0) (size 2 2) (drill 1.2) (layers *.Cu *.Mask)
      (net 1 "Net-(J1-Pad1)"))
    (pad 2 thru_hole circle (at 6.35 0) (size 2 2) (drill 1.2) (layers *.Cu *.Mask)
      (net 2 "Net-(J1-Pad2)"))
  )

  (module Library:CST206-1A (layer F.Cu) (tedit 5D633578) (tstamp 5D638A23)
    (at 138.370001 74.93)
    (path /5D6585F6)
    (fp_text reference T2 (at -15.180001 0 90) (layer F.SilkS)
      (effects (font (size 1 1) (thickness 0.15)))
    )
    (fp_text value CST206-1A (at 8.949999 -6.830001) (layer F.Fab)
      (effects (font (size 1 1) (thickness 0.15)))
    )
    (fp_line (start 0 6.35) (end 1.27 7.62) (layer F.SilkS) (width 0.12))
    (fp_line (start 0 8.89) (end 0 6.35) (layer F.SilkS) (width 0.12))
    (fp_line (start 0 6.35) (end -1.27 7.62) (layer F.SilkS) (width 0.12))
    (fp_line (start -7.6 1.25) (end -7.6 -1.25) (layer F.CrtYd) (width 0.05))
    (fp_line (start 7.6 1.25) (end -7.6 1.25) (layer F.CrtYd) (width 0.05))
    (fp_line (start 7.6 -1.25) (end 7.6 1.25) (layer F.CrtYd) (width 0.05))
    (fp_line (start -7.6 -1.25) (end 7.6 -1.25) (layer F.CrtYd) (width 0.05))
    (fp_line (start 0 -6) (end 0 6) (layer F.SilkS) (width 0.12))
    (fp_line (start -13.85 6) (end -13.85 -6) (layer F.SilkS) (width 0.12))
    (fp_line (start 13.85 6) (end -13.85 6) (layer F.SilkS) (width 0.12))
    (fp_line (start 13.85 -6) (end 13.85 6) (layer F.SilkS) (width 0.12))
    (fp_line (start -13.85 -6) (end 13.85 -6) (layer F.SilkS) (width 0.12))
    (pad 2 thru_hole circle (at 6.35 0) (size 2 2) (drill 1.2) (layers *.Cu *.Mask)
      (net 3 "Net-(J2-Pad2)"))
    (pad 1 thru_hole circle (at -6.35 0) (size 2 2) (drill 1.2) (layers *.Cu *.Mask)
      (net 4 "Net-(J2-Pad1)"))
  )

  (module MountingHole:MountingHole_5mm_Pad (layer F.Cu) (tedit 56D1B4CB) (tstamp 5D6391E3)
    (at 127 60.96 90)
    (descr "Mounting Hole 5mm")
    (tags "mounting hole 5mm")
    (path /5D660BA9)
    (attr virtual)
    (fp_text reference H1 (at 0 -6 90) (layer F.SilkS) hide
      (effects (font (size 1 1) (thickness 0.15)))
    )
    (fp_text value MountingHole (at 0 6 90) (layer F.Fab)
      (effects (font (size 1 1) (thickness 0.15)))
    )
    (fp_text user %R (at 0 0 90) (layer F.Fab)
      (effects (font (size 1 1) (thickness 0.15)))
    )
    (fp_circle (center 0 0) (end 5 0) (layer Cmts.User) (width 0.15))
    (fp_circle (center 0 0) (end 5.25 0) (layer F.CrtYd) (width 0.05))
    (pad 1 thru_hole circle (at 0 0 90) (size 10 10) (drill 5) (layers *.Cu *.Mask))
  )

  (module MountingHole:MountingHole_5mm_Pad (layer F.Cu) (tedit 56D1B4CB) (tstamp 5D6391EB)
    (at 127 111.76 90)
    (descr "Mounting Hole 5mm")
    (tags "mounting hole 5mm")
    (path /5D661F59)
    (attr virtual)
    (fp_text reference H2 (at 0 -6 90) (layer F.SilkS) hide
      (effects (font (size 1 1) (thickness 0.15)))
    )
    (fp_text value MountingHole (at 0 6 90) (layer F.Fab)
      (effects (font (size 1 1) (thickness 0.15)))
    )
    (fp_circle (center 0 0) (end 5.25 0) (layer F.CrtYd) (width 0.05))
    (fp_circle (center 0 0) (end 5 0) (layer Cmts.User) (width 0.15))
    (fp_text user %R (at 0.3 0 90) (layer F.Fab)
      (effects (font (size 1 1) (thickness 0.15)))
    )
    (pad 1 thru_hole circle (at 0 0 90) (size 10 10) (drill 5) (layers *.Cu *.Mask))
  )

  (module MountingHole:MountingHole_5mm_Pad (layer F.Cu) (tedit 56D1B4CB) (tstamp 5D6391F3)
    (at 165.1 60.96 90)
    (descr "Mounting Hole 5mm")
    (tags "mounting hole 5mm")
    (path /5D662297)
    (attr virtual)
    (fp_text reference H3 (at 0 -6 90) (layer F.SilkS) hide
      (effects (font (size 1 1) (thickness 0.15)))
    )
    (fp_text value MountingHole (at 0 6 90) (layer F.Fab)
      (effects (font (size 1 1) (thickness 0.15)))
    )
    (fp_text user %R (at 0.3 0 90) (layer F.Fab)
      (effects (font (size 1 1) (thickness 0.15)))
    )
    (fp_circle (center 0 0) (end 5 0) (layer Cmts.User) (width 0.15))
    (fp_circle (center 0 0) (end 5.25 0) (layer F.CrtYd) (width 0.05))
    (pad 1 thru_hole circle (at 0 0 90) (size 10 10) (drill 5) (layers *.Cu *.Mask))
  )

  (module MountingHole:MountingHole_5mm_Pad (layer F.Cu) (tedit 56D1B4CB) (tstamp 5D6391FB)
    (at 165.1 111.76 90)
    (descr "Mounting Hole 5mm")
    (tags "mounting hole 5mm")
    (path /5D66245E)
    (attr virtual)
    (fp_text reference H4 (at 0 -6 90) (layer F.SilkS) hide
      (effects (font (size 1 1) (thickness 0.15)))
    )
    (fp_text value MountingHole (at 0 6 90) (layer F.Fab)
      (effects (font (size 1 1) (thickness 0.15)))
    )
    (fp_circle (center 0 0) (end 5.25 0) (layer F.CrtYd) (width 0.05))
    (fp_circle (center 0 0) (end 5 0) (layer Cmts.User) (width 0.15))
    (fp_text user %R (at 0.3 0 90) (layer F.Fab)
      (effects (font (size 1 1) (thickness 0.15)))
    )
    (pad 1 thru_hole circle (at 0 0 90) (size 10 10) (drill 5) (layers *.Cu *.Mask))
  )

  (gr_text "BOARD V1.0\n@JVENS" (at 146.05 111.76) (layer F.SilkS)
    (effects (font (size 1.5 1.5) (thickness 0.3)))
  )
  (gr_text "PRIMARY CURRENT\nTRANSFORMER BOARD" (at 146.05 60.96) (layer F.SilkS)
    (effects (font (size 1.5 1.5) (thickness 0.3)))
  )
  (gr_text "PRIMARY CURRENT\nFEEDBACK" (at 156.21 74.93 90) (layer F.SilkS)
    (effects (font (size 1 1) (thickness 0.15)))
  )
  (gr_text "PRIMARY CURRENT\nSENSE" (at 156.21 97.79 90) (layer F.SilkS)
    (effects (font (size 1 1) (thickness 0.15)))
  )
  (gr_line (start 120.65 118.11) (end 120.65 54.61) (layer Edge.Cuts) (width 0.1))
  (gr_line (start 120.65 113.03) (end 120.65 114.3) (layer Edge.Cuts) (width 0.1))
  (gr_line (start 120.65 114.3) (end 120.65 113.03) (layer Edge.Cuts) (width 0.1))
  (gr_line (start 171.45 118.11) (end 120.65 118.11) (layer Edge.Cuts) (width 0.1))
  (gr_line (start 171.45 54.61) (end 171.45 118.11) (layer Edge.Cuts) (width 0.1))
  (gr_line (start 120.65 54.61) (end 171.45 54.61) (layer Edge.Cuts) (width 0.1))

  (segment (start 134.85 100.33) (end 165.1 100.33) (width 0.381) (layer B.Cu) (net 1))
  (segment (start 132.020001 97.500001) (end 134.85 100.33) (width 0.381) (layer B.Cu) (net 1))
  (segment (start 146.970002 95.25) (end 165.1 95.25) (width 0.381) (layer B.Cu) (net 2))
  (segment (start 144.720001 97.500001) (end 146.970002 95.25) (width 0.381) (layer B.Cu) (net 2))
  (segment (start 147.260001 72.39) (end 165.1 72.39) (width 0.381) (layer B.Cu) (net 3))
  (segment (start 144.720001 74.93) (end 147.260001 72.39) (width 0.381) (layer B.Cu) (net 3))
  (segment (start 134.560001 77.47) (end 165.1 77.47) (width 0.381) (layer B.Cu) (net 4))
  (segment (start 132.020001 74.93) (end 134.560001 77.47) (width 0.381) (layer B.Cu) (net 4))

)
